<?xml version="1.0"?>
<opencv_storage>
<DataTransform type_id="opencv-matrix">
  <rows>3</rows>
  <cols>4</cols>
  <dt>d</dt>
  <data>
    -3.2740922531096318e-002 -9.9523673021808545e-001
    -8.1318682628488403e-002 2.6171203223626978e+001
    -1.0049843238420111e+000 -1.6843587247199865e-002
    1.4815217402802283e-001 1.9843231649935440e+001
    -6.6019334068772584e-003 1.1584040581608612e-002
    -9.8148809053960739e-001 7.2612943469017239e+001</data></DataTransform>
<inliers>
  1 1 1 1 1 1 1 1</inliers>
</opencv_storage>
